
Press Release 

令和 5年 3月 31日（金） 
【照会先】 
職業安定局雇用政策課 
中央労働市場情報官 樽見（内線 5740） 
（代表電話） 03（ 5253） 1111 
（直通電話） 03（ 3595） 3290 

報道関係者　各位
一般職業紹介状況（令和5年2月分）

○令和5年2月の有効求人倍率は1.34倍で、前月に比べて0.01ポイント低下。○令和5年2月の新規求人倍率は2.32倍で、前月に比べて0.06ポイント低下。

厚生労働省では、公共職業安定所（ハローワーク）における求人、求職、就職の状況をとりまとめ、求人倍率
などの指標を作成し、一般職業紹介状況として毎月公表しています。令和5年2月の数値をみると、有効求人倍率（季節調整値）は1.34倍となり、前月を0.01ポイント下回りました。新規求人倍率（季節調整値）は2.32倍となり、前月を0.06ポイント下回りました。正社員有効求人倍率（季節調整値）は1.02倍となり、前月を0.01ポイント下回りました。2月の有効求人（季節調整値）は前月に比べ0.8％増となり、有効求職者（同）は1.6％増となりました。2月の新規求人（原数値）は前年同月と比較すると10.4％増となりました。これを産業別にみると、宿泊業,飲食サービス業（37.2％増）、教育,学習支援業（23.7％増）、卸売業,小売業
（11.1％増）、医療,福祉（10.3％増）などで増加となりました。都道府県別の有効求人倍率（季節調整値）をみると、就業地別では、最高は福井県の1.91倍、最低は神奈川県の
1.10倍、受理地別では、最高は福井県の1.81倍、最低は神奈川県の0.91倍となりました。
(万人)有効求人倍率
求人、求職及び求人倍率の推移


（）
(倍) 1.7 1.6 1.5 1.4 1.3 1.2 
1.1有 1.0効 
0.9人求 0.8倍 0.7率 
0.6 0.5 0.4 0.3 0.2 0.1 0.0 

（）
有効求人・有効求職
300 280 260 240 220 200 180 160 140 120 100 80 60 40 20 0 
（注）1．月別の数値は季節調整値である。なお、令和4年12月以前の数値は、令和5年1月分公表時に新季節指数により改定されている。
　　　2．文中の正社員有効求人倍率は正社員の月間有効求人数をパートタイムを除く常用の月間有効求職者数で除して算出しているが、パートタイムを除く常用の月間有効求職者には派遣労働者や契約社員を希望する者も含まれるため、厳密な意味での正社員有効求人倍率より低い値となる。
　　　3．文中の産業分類は、平成25年10月改定の「日本標準産業分類」に基づくもの。
　　　4．ハローワークインターネットサービスの機能拡充に伴い、令和3年9月以降の数値には、ハローワークに来所せず、オンライン上で求職登録した求職者数や、求職者がハローワークインターネットサービスの求人に直接応募した就職件数等が含まれている。
第1表　一般職業紹介状況（新規学卒者を除きパートタイムを含む）
令和5年2月


（注） 1.季節調整法はセンサス局法Ⅱ(X-12-ARIMA)による。なお、令和4年12月以前の数値は、令和5年1月分公表時に新季節指数により改定されている。 2.▲は減少である。 3.ハローワークインターネットサービスの機能拡充に伴う令和3年9月以降の数値の取扱いについては、1頁の注4を参照。
第2表　雇用形態別常用職業紹介状況（新規学卒者を除く）
令和5年2月


（注） 1.季節調整法はセンサス局法Ⅱ(X-12-ARIMA)による。なお、令和4年12月以前の数値は、令和5年1月分公表時に新季節指数により改定されている。 2.▲は減少である。 3.正社員の有効求人倍率は正社員の月間有効求人数をパートタイムを除く常用の月間有効求職者数で除して算出しているが、パートタイムを除く常用の月間有効求職者数には派遣労働者や契約社員を希望する者も含まれるため、厳密な意味での正社員有効求人倍率より低い値となる。 4.ハローワークインターネットサービスの機能拡充に伴う令和3年9月以降の数値の取扱いについては、1頁の注4を参照。
第3表 -1　主要産業別、規模別一般新規求人状況○　主要産業別、規模別一般新規求人状況（新規学卒者を除く）令和5年2月

（注）平成25年10月改定の「日本標準産業分類」に基づく区分により表章したもの。
第3表 -2　産業別一般新規求人状況（新規学卒者を除く）
令和5年2月


-6.8 -6.4 -7.3 4.7 7.4 -27.8 0.3 0.1 4.3 
-2.0 -2.6 6.8 

0.2 -0.1 0.8 5.4 5.0 5.8 19.8 16.1 26.9 9.6 9.0 10.7 -2.3 -1.4 -6.9 10.0 12.6 -0.5 2.2 2.8 0.5 6.5 6.1 7.8 2.7 4.6 -2.9 37.3 25.8 266.7 -6.4 -8.3 -1.8 -1.9 -2.5 0.0 5.8 6.3 3.1 -12.1 -11.0 -20.9 -0.4 -3.1 12.8 -4.8 -3.7 -10.4 9.8 11.7 -4.5 -3.1 -3.1 -3.8 -7.1 -3.9 -16.1 -16.6 -15.8 -19.2 -1.6 -2.5 1.0 -12.2 -12.5 -11.3 -5.8 -4.6 -12.1 2.4 -0.2 10.2 
34.0 37.5 23.2 
6.9 10.5 -14.8 
8.9 12.8 -18.0 
7.1 6.8 8.6 11.1 11.5 10.7 15.5 15.8 15.0 
9.7 9.5 9.9 23.7 24.3 23.4 -2.0 -6.7 8.3 10.6 9.5 12.6 
9.4 9.4 9.5 37.2 23.1 45.8 42.8 31.6 48.9 
6.0 10.3 1.5 23.7 19.0 26.3 10.3 9.5 11.3 11.4 9.6 14.3 10.0 9.4 10.5 26.6 28.1 24.3 
9.6 6.6 14.4 
1.6 -0.8 11.9 14.2 12.8 15.5 20.2 13.6 21.9 

　（注）平成25年10月改定の「日本標準産業分類」に基づく区分により表章したもの。
第3表 -3　産業別一般新規求人状況（新規学卒者及びパートタイムを除く）
令和5年2月

-6.4 -9.4 10.9 7.4 9.2 -37.5 0.1 0.7 -21.7 
-2.6 -1.5 -29.9 
-0.1 1.2 -20.6 5.0 7.4 -15.8 16.1 14.8 32.7 9.0 9.6 -9.2 -1.4 -0.8 -29.0 12.6 13.3 -18.8 2.8 4.4 -36.1 6.1 6.0 7.3 4.6 6.7 -20.5 25.8 26.3 0.0 -8.3 -7.8 -18.5 -2.5 -0.6 -35.7 6.3 6.0 17.9 -11.0 -8.9 -70.9 -3.1 -5.4 117.6 -3.7 -3.4 -16.7 11.7 13.3 -35.6 -3.1 -0.5 -52.0 -3.9 -3.3 -14.3 -15.8 -18.2 9.1 -2.5 1.8 -31.9 -12.5 -4.3 -75.3 -4.6 -4.3 -10.0 -0.2 1.5 -37.7 
37.5 40.0 -6.1 10.5 10.7 8.2 12.8 13.2 9.8 
6.8 6.5 11.2 11.5 11.7 7.9 15.8 16.1 4.3 
9.5 9.5 9.1 24.3 25.3 17.1 -6.7 -5.6 -23.5 
9.5 9.6 8.2 
9.4 10.1 0.8 23.1 19.2 138.1 31.6 27.0 208.1 10.3 11.2 -3.7 19.0 21.0 -11.7 
9.5 9.8 1.0 
9.6 10.2 -9.5 
9.4 9.5 6.7 28.1 32.1 16.5 
6.6 9.3 -0.4 -0.8 6.0 -4.9 12.8 11.8 22.1 13.6 15.1 -1.9 

（注）平成25年10月改定の「日本標準産業分類」に基づく区分により表章したもの。
第4表　一般職業紹介状況（全数）（新規学卒者を除きパートタイムを含む）
令和5年2月


第5表 - 1　季節調整済新規求人倍率（新規学卒者を除きパートタイムを含む）

西暦和暦 １月 ２月 ３月 ４月 ５月 ６月 ７月 ８月 ９月 10月 11月 12月 年計 年度計 
63年38年  0.87  0.90  0.93  0.93  1.00  1.07  1.12  0.96  1.02  0.98  1.08  1.06  0.99  1.04 
64年39年  1.10  1.10  1.09  1.17  1.15  1.19  1.18  1.12  1.14  1.07  1.04  1.07  1.12  1.08 
65年40年  0.97  0.96  0.98  0.93  0.90  0.82  0.82  0.79  0.77  0.81  0.78  0.81  0.88  0.86 
66年41年  0.85  0.92  0.99  0.97  0.98  1.00  1.04  1.10  1.15  1.16  1.15  1.17  1.04  1.12 
67年42年  1.21  1.23  1.26  1.34  1.34  1.33  1.39  1.43  1.40  1.33  1.41  1.33  1.32  1.36 
68年43年  1.40  1.34  1.29  1.28  1.31  1.39  1.35  1.39  1.37  1.30  1.42  1.38  1.36  1.38 
69年44年  1.42  1.50  1.47  1.52  1.47  1.55  1.55  1.58  1.61  1.72  1.65  1.71  1.54  1.62 
70年45年  1.71  1.70  1.66  1.61  1.68  1.65  1.55  1.54  1.63  1.55  1.52  1.56  1.61  1.52 
71年46年  1.38  1.37  1.37  1.35  1.33  1.28  1.29  1.24  1.18  1.18  1.20  1.22  1.29  1.27 
72年47年  1.33  1.32  1.30  1.32  1.40  1.42  1.49  1.55  1.57  1.73  1.89  2.14  1.51  1.70 
73年48年  2.14  2.04  1.93  2.07  2.14  2.29  2.22  2.17  2.25  2.23  2.36  1.76  2.14  2.07 
74年49年  1.86  1.84  1.75  1.59  1.55  1.41  1.33  1.26  1.18  1.12  1.03  0.92  1.40  1.18 
75年50年  1.07  0.97  0.96  1.02  0.94  0.93  0.95  0.98  0.97  0.95  0.96  0.85  0.97  0.98 
76年51年  1.06  1.00  1.03  1.04  1.05  1.07  1.04  1.00  0.98  0.97  0.95  0.93  1.02  0.97 
77年52年  0.90  0.88  0.89  0.86  0.84  0.81  0.80  0.81  0.81  0.81  0.80  0.86  0.85  0.83 
78年53年  0.80  0.86  0.90  0.88  0.86  0.91  0.94  0.93  0.93  0.95  0.98  1.06  0.91  0.96 
79年54年  0.96  1.00  1.07  1.09  1.09  1.12  1.11  1.15  1.20  1.19  1.18  1.19  1.11  1.13 
80年55年  1.11  1.10  1.14  1.14  1.12  1.10  1.07  1.06  1.03  1.01  0.99  1.00  1.07  1.02 
81年56年  0.99  0.96  0.91  0.93  0.96  0.97  1.02  1.00  0.94  0.94  0.93  0.99  0.96  0.93 
82年57年  0.89  0.90  0.86  0.84  0.88  0.88  0.89  0.90  0.87  0.86  0.86  0.87  0.87  0.87 
83年58年  0.87  0.87  0.90  0.89  0.88  0.89  0.90  0.93  0.93  0.94  0.97  0.95  0.89  0.92 
84年59年  0.96  0.95  0.94  0.96  0.96  0.94  0.97  0.97  0.95  0.99  0.99  1.00  0.96  0.97 
85年60年  1.00  1.00  0.99  0.99  1.00  0.98  0.95  0.97  0.95  0.93  0.93  0.96  0.97  0.95 
86年61年  0.95  0.93  0.91  0.91  0.90  0.86  0.87  0.94  0.89  0.91  0.89  0.91  0.91  0.91 
87年62年  0.91  0.95  1.03  1.00  0.99  1.04  1.11  1.14  1.20  1.25  1.28  1.37  1.08  1.20 
88年63年  1.36  1.36  1.41  1.45  1.47  1.58  1.56  1.59  1.66  1.64  1.69  1.76  1.53  1.63 
89年元年  1.73  1.72  1.75  1.80  1.88  1.92  1.92  1.93  1.95  1.94  2.03  1.96  1.85  1.93 
90年２年  1.97  2.00  1.96  2.01  2.05  2.11  2.13  2.13  2.15  2.15  2.14  2.08  2.07  2.11 
91年３年  2.07  2.18  2.13  2.12  2.10  2.10  2.06  2.01  1.97  2.05  1.94  1.80  2.05  1.95 
92年４年  1.83  1.80  1.75  1.72  1.67  1.60  1.58  1.55  1.52  1.49  1.41  1.45  1.61  1.49 
93年５年  1.40  1.35  1.30  1.26  1.23  1.19  1.15  1.13  1.11  1.08  1.09  1.08  1.20  1.13 
94年６年  1.06  1.11  1.08  1.08  1.07  1.09  1.09  1.10  1.11  1.06  1.06  1.06  1.08  1.07 
95年７年  1.04  1.10  1.06  1.06  1.07  1.04  1.06  1.08  1.05  1.09  1.12  1.10  1.06  1.09 
96年８年  1.08  1.14  1.17  1.14  1.20  1.20  1.22  1.21  1.23  1.24  1.24  1.24  1.19  1.22 
97年９年  1.24  1.24  1.26  1.22  1.24  1.25  1.21  1.21  1.19  1.16  1.13  1.09  1.20  1.13 
98年10年  1.03  1.00  0.95  0.95  0.94  0.90  0.87  0.91  0.87  0.85  0.87  0.87  0.92  0.89 
99年11年  0.90  0.89  0.88  0.90  0.80  0.83  0.87  0.86  0.88  0.89  0.88  0.92  0.87  0.90 
00年12年  0.97  0.96  0.98  1.00  1.02  1.05  1.09  1.08  1.11  1.13  1.15  1.14  1.05  1.08 
01年13年  1.15  1.10  1.04  1.07  1.07  1.04  1.04  0.99  0.96  0.91  0.91  0.87  1.01  0.96 
02年14年  0.88  0.88  0.91  0.90  0.93  0.94  0.94  0.97  0.95  0.95  0.96  1.00  0.93  0.96 
03年15年  1.00  1.00  1.01  1.03  1.03  1.03  1.06  1.10  1.11  1.16  1.17  1.20  1.07  1.12 
04年16年  1.19  1.18  1.22  1.25  1.25  1.27  1.28  1.30  1.35  1.40  1.41  1.41  1.29  1.35 
05年17年  1.42  1.46  1.43  1.43  1.44  1.47  1.48  1.47  1.48  1.43  1.52  1.54  1.46  1.49 
06年18年  1.56  1.59  1.53  1.55  1.63  1.58  1.56  1.56  1.55  1.53  1.58  1.60  1.56  1.56 
07年19年  1.52  1.56  1.60  1.58  1.56  1.54  1.53  1.51  1.42  1.46  1.46  1.42  1.52  1.47 
08年20年  1.43  1.41  1.32  1.36  1.32  1.29  1.26  1.25  1.20  1.13  1.04  0.98  1.25  1.08 
09年21年  0.87  0.77  0.78  0.77  0.76  0.78  0.78  0.79  0.81  0.80  0.79  0.80  0.79  0.79 
10年22年  0.82  0.82  0.82  0.85  0.86  0.88  0.89  0.91  0.94  0.96  0.96  0.98  0.89  0.93 
11年23年  1.01  0.99  0.98  0.95  0.98  1.00  1.07  1.05  1.14  1.15  1.17  1.19  1.05  1.11 
12年24年  1.21  1.23  1.23  1.25  1.29  1.29  1.30  1.32  1.27  1.30  1.32  1.32  1.28  1.32 
13年25年  1.34  1.38  1.38  1.41  1.43  1.47  1.47  1.50  1.50  1.57  1.57  1.59  1.46  1.53 
14年26年  1.64  1.69  1.63  1.63  1.63  1.65  1.67  1.65  1.66  1.69  1.69  1.75  1.66  1.69 
15年27年  1.77  1.72  1.76  1.76  1.76  1.79  1.83  1.84  1.86  1.84  1.89  1.89  1.80  1.86 
16年28年  2.03  1.95  1.95  2.03  2.05  2.01  2.03  2.08  2.10  2.09  2.14  2.16  2.04  2.08 
17年29年  2.13  2.16  2.14  2.18  2.28  2.24  2.25  2.22  2.26  2.36  2.31  2.40  2.24  2.29 
18年30年  2.36  2.34  2.37  2.37  2.37  2.45  2.45  2.37  2.47  2.38  2.41  2.40  2.39  2.42 
19年元年  2.47  2.48  2.42  2.47  2.46  2.39  2.37  2.42  2.31  2.41  2.34  2.40  2.42  2.35 
20年２年  2.09  2.26  2.24  1.87  1.94  1.73  1.72  1.84  1.94  1.79  1.98  2.01  1.95  1.90 
21年３年  2.01  1.95  1.99  1.90  2.13  2.09  2.00  1.99  2.07  2.02  2.06  2.18  2.02  2.08 
22年４年  2.18  2.24  2.19  2.20  2.24  2.24  2.32  2.30  2.30  2.33  2.38  2.38  2.26 
23年５年  2.38  2.32 

（注） 1. 季節調整法はセンサス局法Ⅱ(X-12-ARIMA)による。なお、令和4年12月以前の数値は新季節指数により改定されている。       2. 昭和48年から沖縄を含む。ただし、昭和47年度計には沖縄を含む。
       3. 年計及び年度計は実数値。       4. ハローワークインターネットサービスの機能拡充に伴う令和3年9月以降の数値の取扱いについては、1頁の注4を参照。
第5表 - 2　季節調整済有効求人倍率（新規学卒者を除きパートタイムを含む）

西暦和暦 １月 ２月 ３月 ４月 ５月 ６月 ７月 ８月 ９月 10月 11月 12月 年計 年度計 
63年38年  0.56  0.60  0.64  0.68  0.71  0.80  0.77  0.72  0.71  0.71  0.72  0.73  0.70  0.73 
64年39年  0.75  0.76  0.76  0.79  0.81  0.83  0.83  0.82  0.83  0.81  0.79  0.78  0.80  0.79 
65年40年  0.74  0.71  0.71  0.70  0.66  0.63  0.60  0.58  0.57  0.57  0.56  0.55  0.64  0.61 
66年41年  0.58  0.62  0.67  0.70  0.71  0.73  0.72  0.78  0.82  0.85  0.85  0.85  0.74  0.81 
67年42年  0.87  0.90  0.91  0.94  0.97  1.00  1.02  1.08  1.09  1.09  1.11  1.10  1.00  1.05 
68年43年  1.11  1.09  1.08  1.07  1.09  1.10  1.11  1.12  1.14  1.14  1.17  1.17  1.12  1.14 
69年44年  1.19  1.20  1.21  1.24  1.25  1.29  1.30  1.33  1.34  1.39  1.41  1.46  1.30  1.37 
70年45年  1.49  1.47  1.44  1.43  1.43  1.44  1.41  1.39  1.39  1.36  1.33  1.31  1.41  1.35 
71年46年  1.29  1.23  1.21  1.18  1.15  1.10  1.09  1.07  1.03  1.02  1.00  0.99  1.12  1.06 
72年47年  0.98  1.02  1.05  1.07  1.08  1.09  1.13  1.19  1.25  1.31  1.36  1.48  1.16  1.30 
73年48年  1.60  1.65  1.61  1.63  1.74  1.82  1.87  1.86  1.83  1.86  1.93  1.84  1.76  1.74 
74年49年  1.64  1.53  1.45  1.34  1.35  1.27  1.18  1.09  1.02  0.95  0.88  0.79  1.20  0.98 
75年50年  0.75  0.71  0.67  0.68  0.63  0.59  0.56  0.55  0.55  0.55  0.55  0.55  0.61  0.59 
76年51年  0.58  0.61  0.63  0.65  0.64  0.66  0.67  0.67  0.66  0.64  0.64  0.62  0.64  0.64 
77年52年  0.61  0.60  0.60  0.61  0.56  0.54  0.53  0.53  0.53  0.53  0.52  0.52  0.56  0.54 
78年53年  0.51  0.53  0.54  0.57  0.54  0.54  0.56  0.57  0.59  0.59  0.60  0.60  0.56  0.59 
79年54年  0.62  0.63  0.66  0.70  0.69  0.71  0.72  0.73  0.75  0.77  0.78  0.79  0.71  0.74 
80年55年  0.77  0.76  0.77  0.77  0.76  0.77  0.76  0.74  0.73  0.73  0.71  0.70  0.75  0.73 
81年56年  0.69  0.68  0.67  0.67  0.67  0.68  0.70  0.69  0.68  0.67  0.66  0.67  0.68  0.67 
82年57年  0.66  0.65  0.63  0.62  0.60  0.60  0.60  0.60  0.60  0.60  0.59  0.59  0.61  0.60 
83年58年  0.59  0.59  0.59  0.59  0.59  0.59  0.59  0.60  0.61  0.62  0.62  0.63  0.60  0.61 
84年59年  0.64  0.64  0.64  0.64  0.64  0.64  0.65  0.65  0.66  0.66  0.66  0.67  0.65  0.66 
85年60年  0.68  0.69  0.68  0.69  0.69  0.69  0.69  0.68  0.68  0.67  0.67  0.67  0.68  0.67 
86年61年  0.67  0.66  0.65  0.63  0.62  0.60  0.60  0.61  0.61  0.61  0.61  0.61  0.62  0.62 
87年62年  0.62  0.63  0.64  0.64  0.65  0.66  0.68  0.71  0.74  0.77  0.81  0.84  0.70  0.76 
88年63年  0.87  0.90  0.92  0.95  0.98  1.01  1.04  1.06  1.08  1.10  1.12  1.14  1.01  1.08 
89年元年  1.15  1.17  1.17  1.19  1.25  1.27  1.30  1.29  1.30  1.31  1.33  1.33  1.25  1.30 
90年２年  1.33  1.36  1.36  1.35  1.39  1.42  1.46  1.44  1.44  1.44  1.45  1.44  1.40  1.43 
91年３年  1.43  1.44  1.44  1.41  1.44  1.44  1.44  1.40  1.36  1.36  1.34  1.31  1.40  1.34 
92年４年  1.25  1.22  1.19  1.14  1.13  1.10  1.08  1.05  1.02  0.99  0.96  0.93  1.08  1.00 
93年５年  0.91  0.88  0.85  0.82  0.80  0.76  0.74  0.72  0.70  0.68  0.67  0.66  0.76  0.71 
94年６年  0.65  0.64  0.65  0.65  0.63  0.63  0.63  0.64  0.65  0.65  0.64  0.63  0.64  0.64 
95年７年  0.64  0.65  0.66  0.65  0.63  0.62  0.61  0.62  0.62  0.62  0.62  0.63  0.63  0.64 
96年８年  0.65  0.66  0.68  0.69  0.69  0.70  0.72  0.72  0.72  0.73  0.74  0.74  0.70  0.72 
97年９年  0.74  0.74  0.74  0.74  0.74  0.74  0.74  0.73  0.71  0.70  0.68  0.67  0.72  0.69 
98年10年  0.63  0.61  0.57  0.56  0.54  0.52  0.51  0.50  0.49  0.48  0.47  0.47  0.53  0.50 
99年11年  0.48  0.48  0.48  0.47  0.46  0.46  0.47  0.47  0.48  0.49  0.49  0.50  0.48  0.49 
00年12年  0.51  0.52  0.54  0.56  0.56  0.58  0.60  0.61  0.62  0.64  0.65  0.65  0.59  0.62 
01年13年  0.65  0.64  0.63  0.62  0.61  0.61  0.60  0.58  0.57  0.54  0.52  0.51  0.59  0.56 
02年14年  0.50  0.51  0.52  0.52  0.53  0.53  0.54  0.55  0.55  0.56  0.56  0.57  0.54  0.56 
03年15年  0.58  0.59  0.60  0.61  0.61  0.62  0.63  0.65  0.67  0.70  0.72  0.75  0.64  0.69 
04年16年  0.76  0.76  0.77  0.78  0.80  0.82  0.83  0.84  0.86  0.88  0.91  0.92  0.83  0.86 
05年17年  0.91  0.91  0.93  0.94  0.94  0.95  0.96  0.96  0.96  0.98  0.99  1.01  0.95  0.98 
06年18年  1.03  1.04  1.05  1.05  1.07  1.07  1.08  1.07  1.07  1.06  1.06  1.06  1.06  1.06 
07年19年  1.06  1.05  1.05  1.07  1.07  1.07  1.06  1.05  1.03  1.01  0.98  0.98  1.04  1.02 
08年20年  0.97  0.96  0.96  0.96  0.95  0.92  0.89  0.86  0.83  0.79  0.75  0.71  0.88  0.77 
09年21年  0.64  0.57  0.52  0.49  0.46  0.44  0.43  0.42  0.43  0.44  0.44  0.44  0.47  0.45 
10年22年  0.45  0.46  0.48  0.49  0.50  0.51  0.53  0.54  0.55  0.56  0.58  0.59  0.52  0.56 
11年23年  0.60  0.62  0.62  0.62  0.61  0.62  0.64  0.65  0.67  0.69  0.71  0.72  0.65  0.68 
12年24年  0.74  0.75  0.77  0.78  0.79  0.80  0.81  0.82  0.81  0.82  0.82  0.83  0.80  0.82 
13年25年  0.84  0.85  0.87  0.88  0.90  0.92  0.93  0.95  0.96  0.99  1.01  1.03  0.93  0.97 
14年26年  1.04  1.06  1.07  1.08  1.09  1.09  1.10  1.10  1.10  1.11  1.12  1.14  1.09  1.11 
15年27年  1.15  1.16  1.16  1.16  1.18  1.19  1.20  1.22  1.23  1.24  1.26  1.27  1.20  1.23 
16年28年  1.29  1.30  1.31  1.33  1.35  1.36  1.36  1.38  1.38  1.40  1.41  1.42  1.36  1.39 
17年29年  1.43  1.45  1.45  1.48  1.49  1.50  1.51  1.52  1.53  1.55  1.56  1.58  1.50  1.54 
18年30年  1.60  1.59  1.59  1.59  1.60  1.62  1.63  1.63  1.64  1.63  1.63  1.62  1.61  1.62 
19年元年  1.63  1.63  1.63  1.63  1.62  1.61  1.59  1.60  1.59  1.59  1.57  1.57  1.60  1.55 
20年２年  1.49  1.45  1.40  1.31  1.19  1.12  1.08  1.04  1.04  1.04  1.05  1.06  1.18  1.10 
21年３年  1.08  1.09  1.10  1.10  1.10  1.13  1.14  1.14  1.15  1.15  1.17  1.18  1.13  1.16 
22年４年  1.20  1.21  1.23  1.24  1.25  1.27  1.28  1.31  1.32  1.34  1.35  1.36  1.28 
23年５年  1.35  1.34 

（注） 1. 季節調整法はセンサス局法Ⅱ(X-12-ARIMA)による。なお、令和4年12月以前の数値は新季節指数により改定されている。       2. 昭和48年から沖縄を含む。ただし、昭和47年度計には沖縄を含む。
       3. 年計及び年度計は実数値。       4. ハローワークインターネットサービスの機能拡充に伴う令和3年9月以降の数値の取扱いについては、1頁の注4を参照。
第6表 - 1　都道府県・地域別有効求人倍率（就業地別・季節調整値）（新規学卒者を除きパートタイムを含む）
　
4年 5年 対前 
2月 3月 4月 5月 6月 7月 8月 9月 10月 11月 12月 1月 2月  月差 
全　国　計 1.21  1.23  1.24  1.25  1.27  1.28  1.31  1.32  1.34  1.35  1.36  1.35  1.34  -0.01 
北海道　　　　  1.10  1.13  1.15  1.16  1.17  1.19  1.21  1.22  1.23  1.25  1.26  1.26  1.21  -0.05 
青森県　　　　  1.24  1.26  1.29  1.28  1.30  1.31  1.31  1.31  1.31  1.32  1.34  1.35  1.32  -0.03 
岩手県　　　　  1.47  1.48  1.45  1.43  1.44  1.45  1.44  1.46  1.48  1.50  1.47  1.43  1.42  -0.01 
宮城県　　　　  1.35  1.35  1.35  1.36  1.37  1.38  1.40  1.40  1.40  1.42  1.43  1.41  1.43  0.02 
秋田県　　　　  1.63  1.63  1.64  1.63  1.62  1.63  1.64  1.64  1.65  1.67  1.68  1.64  1.56  -0.08 
山形県　　　　  1.60  1.62  1.61  1.63  1.64  1.69  1.73  1.73  1.75  1.79  1.80  1.73  1.64  -0.09 
福島県　　　　  1.50  1.51  1.52  1.54  1.53  1.53  1.55  1.56  1.56  1.56  1.57  1.59  1.54  -0.05 
茨城県  1.53  1.56  1.57  1.60  1.61  1.64  1.65  1.66  1.67  1.69  1.70  1.69  1.69  0.00 
栃木県　　　　 都 1.23  1.25  1.25  1.27  1.28  1.29  1.31  1.34  1.35  1.36  1.36  1.31  1.30  -0.01 
　群馬県　　　　  1.49  1.48  1.51  1.53  1.55  1.58  1.61  1.62  1.64  1.66  1.67  1.58  1.56  -0.02 
　埼玉県　　　　  1.03  1.06  1.10  1.11  1.13  1.14  1.15  1.17  1.18  1.18  1.19  1.17  1.17  0.00 
　千葉県  1.05  1.07  1.10  1.11  1.14  1.15  1.16  1.18  1.20  1.22  1.21  1.21  1.27  0.06 
　東京都  0.94  0.96  0.98  1.01  1.03  1.07  1.10  1.13  1.14  1.16  1.17  1.17  1.18  0.01 
　神奈川県　　　  0.94  0.96  0.99  1.01  1.02  1.04  1.06  1.07  1.08  1.10  1.11  1.09  1.10  0.01 
　新潟県　　　　  1.51  1.50  1.52  1.53  1.54  1.57  1.59  1.60  1.59  1.59  1.61  1.63  1.58  -0.05 
　富山県　　　　  1.68  1.68  1.69  1.68  1.71  1.75  1.75  1.76  1.79  1.80  1.80  1.79  1.73  -0.06 
道石川県　　　　 　福井県　　　　 　 1.49 2.06  1.48 2.03  1.50 2.03  1.53 2.04  1.55 2.06  1.56 2.06  1.57 2.05  1.58 2.07  1.60 2.05  1.60 2.05  1.61 2.01  1.62 2.00  1.57 1.91  -0.05-0.09 
山梨県　　　　 　 1.51  1.52  1.54  1.56  1.59  1.59  1.61  1.63  1.64  1.64  1.66  1.64  1.66  0.02 
長野県　　　　 　 1.57  1.59  1.62  1.65  1.67  1.68  1.69  1.69  1.70  1.72  1.72  1.70  1.65  -0.05 
　岐阜県　　　　  1.65  1.65  1.68  1.69  1.71  1.72  1.76  1.78  1.79  1.80  1.80  1.75  1.70  -0.05 
　静岡県　　　　  1.30  1.32  1.35  1.36  1.37  1.38  1.40  1.41  1.42  1.43  1.42  1.39  1.38  -0.01 
　愛知県　　　　  1.27  1.29  1.31  1.32  1.33  1.33  1.37  1.38  1.39  1.39  1.40  1.39  1.38  -0.01 
府三重県　　　　  1.51  1.53  1.57  1.57  1.59  1.62  1.63  1.63  1.64  1.66  1.66  1.66  1.65  -0.01 
　滋賀県　　　　  1.21  1.24  1.27  1.29  1.31  1.33  1.36  1.38  1.41  1.45  1.45  1.44  1.42  -0.02 
　京都府　　　　  1.11  1.12  1.13  1.15  1.17  1.18  1.20  1.22  1.24  1.25  1.26  1.23  1.23  0.00 
　大阪府　　　　 　兵庫県　　　　 　奈良県　　　　 　 0.97 1.08 1.34  0.98 1.09 1.36  1.00 1.10 1.33  1.01 1.12 1.34  1.03 1.14 1.36  1.05 1.15 1.38  1.07 1.17 1.39  1.09 1.18 1.40  1.10 1.19 1.39  1.11 1.20 1.39  1.12 1.20 1.37  1.12 1.19 1.37  1.11 1.17 1.38  -0.01-0.020.01 
和歌山県　　　 　 1.24  1.24  1.24  1.24  1.25  1.25  1.25  1.27  1.28  1.28  1.27  1.29  1.31  0.02 
鳥取県　　　　 県 1.60  1.63  1.64  1.62  1.65  1.69  1.72  1.74  1.76  1.76  1.76  1.74  1.72  -0.02 
　島根県　　　　  1.77  1.76  1.79  1.82  1.84  1.86  1.86  1.86  1.88  1.89  1.87  1.84  1.84  0.00 
　岡山県　　　　  1.47  1.48  1.50  1.52  1.55  1.57  1.59  1.59  1.60  1.62  1.63  1.59  1.57  -0.02 
　広島県　　　　  1.35  1.37  1.37  1.37  1.41  1.43  1.46  1.48  1.50  1.53  1.54  1.53  1.45  -0.08 
　山口県　　　　  1.66  1.69  1.70  1.68  1.69  1.73  1.75  1.79  1.77  1.79  1.77  1.79  1.73  -0.06 
　徳島県　　　　  1.36  1.36  1.35  1.35  1.34  1.39  1.38  1.39  1.40  1.43  1.42  1.35  1.33  -0.02 
　香川県　　　　  1.62  1.64  1.61  1.58  1.61  1.63  1.68  1.68  1.69  1.69  1.69  1.67  1.66  -0.01 
　愛媛県　　　　 別高知県　　　　  1.45 1.16  1.45 1.16  1.48 1.15  1.50 1.15  1.52 1.16  1.54 1.19  1.55 1.20  1.57 1.21  1.59 1.22  1.58 1.23  1.59 1.24  1.58 1.28  1.56 1.31  -0.020.03 
福岡県　　　　  1.02  1.03  1.05  1.07  1.09  1.10  1.11  1.12  1.13  1.15  1.15  1.16  1.19  0.03 
佐賀県　　　　  1.47  1.50  1.51  1.52  1.53  1.54  1.55  1.57  1.56  1.62  1.67  1.61  1.60  -0.01 
長崎県　　　　  1.31  1.30  1.31  1.30  1.30  1.31  1.31  1.33  1.35  1.35  1.36  1.39  1.39  0.00 
熊本県　　　　  1.53  1.52  1.51  1.52  1.56  1.57  1.57  1.57  1.58  1.58  1.56  1.59  1.59  0.00 
大分県　　　　  1.39  1.40  1.42  1.44  1.46  1.47  1.49  1.53  1.54  1.56  1.58  1.59  1.60  0.01 
宮崎県　　　　  1.50  1.52  1.51  1.51  1.54  1.54  1.56  1.58  1.58  1.55  1.53  1.53  1.55  0.02 
鹿児島県　　　  1.41  1.42  1.43  1.43  1.42  1.44  1.43  1.44  1.44  1.44  1.46  1.45  1.40  -0.05 
沖縄県　　　　  0.87  0.88  0.92  0.94  0.98  0.99  1.02  1.04  1.07  1.10  1.10  1.13  1.12  -0.01 
北海道　　　　  1.10  1.13  1.15  1.16  1.17  1.19  1.21  1.22  1.23  1.25  1.26  1.26  1.21  -0.05 
地東北  1.44  1.45  1.45  1.46  1.46  1.47  1.49  1.49  1.50  1.51  1.52  1.50  1.47  -0.03 
　南関東 　北関東・甲信 　北陸 域 0.98 1.46 1.61  1.00 1.47 1.60  1.02 1.49 1.62  1.04 1.51 1.63  1.06 1.53 1.65  1.09 1.55 1.67  1.11 1.57 1.68  1.13 1.58 1.69  1.14 1.59 1.70  1.16 1.60 1.70  1.17 1.61 1.71  1.16 1.57 1.71  1.18 1.56 1.65  0.02-0.01-0.06 
東海 　 1.36  1.37  1.40  1.41  1.42  1.43  1.46  1.47  1.48  1.49  1.49  1.47  1.45  -0.02 
近畿 　 1.06  1.07  1.09  1.10  1.12  1.14  1.16  1.17  1.18  1.19  1.20  1.19  1.18  -0.01 
　中国  1.50  1.51  1.53  1.53  1.56  1.58  1.60  1.62  1.63  1.65  1.65  1.64  1.59  -0.05 
別 四国  1.41  1.42  1.42  1.42  1.43  1.46  1.48  1.49  1.50  1.51  1.51  1.49  1.49  0.00 
九州  1.22  1.22  1.24  1.25  1.27  1.28  1.29  1.31  1.32  1.33  1.34  1.34  1.35  0.01 

　　(注)  1. 季節調整法は、センサス局法Ⅱ(X-12-ARIMA)による。なお、令和4年12月以前の数値は、令和5年1月分公表時に新季節指数により改定されている。　
      2. 各ブロックの構成は、以下のとおり。           北海道（北海道）、東北（青森県、岩手県、宮城県、秋田県、山形県、福島県）、南関東（埼玉県、千葉県、東京都、神奈川県）、　　　　　 北関東・甲信（茨城県、栃木県、群馬県、山梨県、長野県）、北陸（新潟県、富山県、石川県、福井県）、           東海（岐阜県、静岡県、愛知県、三重県）、近畿（滋賀県、京都府、大阪府、兵庫県、奈良県、和歌山県）、           中国（鳥取県、島根県、岡山県、広島県、山口県）、四国（徳島県、香川県、愛媛県、高知県）、           九州（福岡県、佐賀県、長崎県、熊本県、大分県、宮崎県、鹿児島県、沖縄県）　　      3. ハローワークインターネットサービスの機能拡充に伴う令和3年9月以降の数値の取扱いについては、1頁の注4を参照。
第6表 - 2　都道府県・地域別有効求人倍率（受理地別・季節調整値）（新規学卒者を除きパートタイムを含む）
　
4年 5年 対前 
2月 3月 4月 5月 6月 7月 8月 9月 10月 11月 12月 1月 2月  月差 
全　国　計 1.21  1.23  1.24  1.25  1.27  1.28  1.31  1.32  1.34  1.35  1.36  1.35  1.34  -0.01 
北海道　　　　  1.06  1.08  1.10  1.11  1.12  1.14  1.15  1.17  1.17  1.19  1.20  1.19  1.15  -0.04 
青森県　　　　  1.13  1.14  1.15  1.15  1.16  1.17  1.18  1.19  1.19  1.20  1.22  1.22  1.18  -0.04 
岩手県　　　　  1.36  1.35  1.32  1.31  1.31  1.31  1.32  1.34  1.36  1.38  1.35  1.32  1.30  -0.02 
宮城県　　　　  1.35  1.36  1.35  1.36  1.36  1.37  1.39  1.39  1.40  1.41  1.43  1.42  1.45  0.03 
秋田県　　　　  1.52  1.51  1.52  1.50  1.49  1.49  1.50  1.50  1.52  1.53  1.54  1.49  1.42  -0.07 
山形県　　　　  1.48  1.49  1.49  1.51  1.52  1.58  1.61  1.61  1.63  1.66  1.67  1.61  1.52  -0.09 
福島県　　　　  1.39  1.38  1.39  1.40  1.40  1.41  1.47  1.47  1.46  1.44  1.46  1.49  1.43  -0.06 
茨城県  1.42  1.44  1.44  1.47  1.48  1.49  1.50  1.49  1.50  1.52  1.52  1.50  1.52  0.02 
栃木県　　　　 都 1.13  1.14  1.16  1.15  1.16  1.18  1.19  1.21  1.23  1.24  1.24  1.19  1.19  0.00 
　群馬県　　　　  1.40  1.39  1.42  1.44  1.46  1.48  1.53  1.53  1.54  1.55  1.56  1.47  1.45  -0.02 
　埼玉県　　　　  0.96  0.97  1.01  1.02  1.03  1.05  1.06  1.08  1.08  1.08  1.08  1.07  1.06  -0.01 
　千葉県  0.90  0.91  0.93  0.94  0.97  0.97  0.98  0.99  1.01  1.02  1.01  1.02  1.06  0.04 
　東京都  1.30  1.34  1.39  1.43  1.45  1.52  1.57  1.63  1.65  1.69  1.71  1.72  1.76  0.04 
　神奈川県　　　  0.82  0.83  0.86  0.87  0.87  0.89  0.90  0.91  0.91  0.92  0.93  0.92  0.91  -0.01 
　新潟県　　　　  1.54  1.53  1.54  1.56  1.56  1.59  1.61  1.61  1.60  1.60  1.63  1.61  1.57  -0.04 
　富山県　　　　  1.54  1.52  1.54  1.52  1.55  1.57  1.58  1.58  1.61  1.61  1.62  1.59  1.55  -0.04 
道石川県　　　　 　福井県　　　　 　 1.52 1.91  1.51 1.88  1.53 1.87  1.58 1.88  1.61 1.89  1.63 1.90  1.64 1.89  1.65 1.92  1.65 1.90  1.65 1.91  1.66 1.87  1.69 1.90  1.63 1.81  -0.06-0.09 
山梨県　　　　 　 1.34  1.35  1.36  1.37  1.40  1.41  1.42  1.45  1.45  1.45  1.45  1.45  1.45  0.00 
長野県　　　　 　 1.47  1.49  1.51  1.54  1.56  1.56  1.57  1.57  1.58  1.60  1.59  1.57  1.51  -0.06 
　岐阜県　　　　  1.59  1.59  1.61  1.62  1.65  1.66  1.68  1.68  1.68  1.69  1.70  1.67  1.64  -0.03 
　静岡県　　　　  1.22  1.24  1.27  1.28  1.29  1.29  1.30  1.32  1.32  1.34  1.32  1.29  1.27  -0.02 
　愛知県　　　　  1.31  1.34  1.35  1.36  1.37  1.37  1.40  1.41  1.43  1.43  1.44  1.42  1.40  -0.02 
府三重県　　　　  1.34  1.36  1.39  1.38  1.39  1.41  1.42  1.43  1.43  1.44  1.43  1.41  1.41  0.00 
　滋賀県　　　　  1.02  1.04  1.06  1.06  1.08  1.09  1.12  1.14  1.17  1.20  1.21  1.20  1.17  -0.03 
　京都府　　　　  1.13  1.14  1.16  1.17  1.19  1.20  1.22  1.23  1.24  1.26  1.26  1.25  1.24  -0.01 
　大阪府　　　　 　兵庫県　　　　 　奈良県　　　　 　 1.17 0.95 1.22  1.17 0.96 1.24  1.18 0.97 1.23  1.20 0.99 1.22  1.22 1.01 1.23  1.25 1.02 1.24  1.27 1.04 1.25  1.29 1.05 1.26  1.29 1.06 1.24  1.31 1.07 1.24  1.31 1.08 1.22  1.29 1.06 1.22  1.30 1.02 1.22  0.01-0.040.00 
和歌山県　　　 　 1.15  1.15  1.15  1.15  1.15  1.15  1.14  1.15  1.16  1.15  1.14  1.16  1.20  0.04 
鳥取県　　　　 県 1.46  1.49  1.50  1.48  1.50  1.51  1.54  1.56  1.58  1.56  1.57  1.54  1.51  -0.03 
　島根県　　　　  1.66  1.66  1.68  1.70  1.71  1.74  1.73  1.72  1.73  1.74  1.73  1.72  1.71  -0.01 
　岡山県　　　　  1.44  1.46  1.47  1.48  1.51  1.54  1.57  1.57  1.58  1.61  1.61  1.58  1.57  -0.01 
　広島県　　　　  1.47  1.48  1.48  1.49  1.53  1.55  1.58  1.61  1.63  1.64  1.65  1.64  1.56  -0.08 
　山口県　　　　  1.47  1.49  1.50  1.49  1.49  1.53  1.55  1.60  1.58  1.60  1.58  1.59  1.52  -0.07 
　徳島県　　　　  1.27  1.27  1.26  1.26  1.24  1.29  1.27  1.29  1.29  1.31  1.30  1.22  1.21  -0.01 
　香川県　　　　  1.51  1.52  1.50  1.44  1.50  1.50  1.53  1.53  1.56  1.56  1.55  1.52  1.48  -0.04 
　愛媛県　　　　 別高知県　　　　  1.36 1.17  1.37 1.15  1.39 1.15  1.41 1.16  1.43 1.16  1.44 1.19  1.45 1.21  1.46 1.22  1.48 1.23  1.47 1.23  1.48 1.24  1.47 1.26  1.44 1.27  -0.030.01 
福岡県　　　　  1.10  1.10  1.12  1.14  1.16  1.18  1.19  1.21  1.23  1.24  1.25  1.26  1.31  0.05 
佐賀県　　　　  1.31  1.33  1.33  1.33  1.33  1.35  1.34  1.35  1.34  1.38  1.43  1.39  1.42  0.03 
長崎県　　　　  1.18  1.18  1.18  1.17  1.16  1.16  1.17  1.19  1.21  1.21  1.22  1.25  1.23  -0.02 
熊本県　　　　  1.41  1.40  1.39  1.39  1.43  1.44  1.42  1.42  1.43  1.43  1.40  1.44  1.45  0.01 
大分県　　　　  1.29  1.29  1.30  1.34  1.35  1.36  1.37  1.41  1.41  1.42  1.43  1.46  1.46  0.00 
宮崎県　　　　  1.40  1.42  1.41  1.40  1.43  1.43  1.44  1.47  1.46  1.45  1.43  1.44  1.46  0.02 
鹿児島県　　　  1.34  1.35  1.35  1.35  1.34  1.36  1.35  1.35  1.36  1.35  1.37  1.36  1.30  -0.06 
沖縄県　　　　  0.80  0.81  0.83  0.85  0.89  0.90  0.93  0.94  0.96  0.99  0.99  1.02  1.00  -0.02 
北海道　　　　  1.06  1.08  1.10  1.11  1.12  1.14  1.15  1.17  1.17  1.19  1.20  1.19  1.15  -0.04 
地東北  1.36  1.36  1.36  1.36  1.36  1.38  1.40  1.40  1.41  1.42  1.43  1.42  1.38  -0.04 
　南関東 　北関東・甲信 　北陸 域 1.06 1.35 1.58  1.09 1.36 1.57  1.12 1.38 1.58  1.15 1.39 1.60  1.17 1.41 1.61  1.20 1.42 1.64  1.23 1.44 1.65  1.26 1.44 1.65  1.27 1.45 1.66  1.29 1.47 1.66  1.30 1.47 1.67  1.30 1.43 1.66  1.32 1.42 1.62  0.02-0.01-0.04 
東海 　 1.33  1.35  1.37  1.38  1.39  1.39  1.42  1.43  1.43  1.44  1.44  1.42  1.40  -0.02 
近畿 　 1.10  1.11  1.12  1.13  1.15  1.17  1.19  1.20  1.21  1.23  1.23  1.22  1.21  -0.01 
　中国  1.48  1.49  1.50  1.50  1.53  1.56  1.58  1.60  1.61  1.63  1.63  1.62  1.56  -0.06 
別 四国  1.34  1.34  1.34  1.34  1.35  1.37  1.38  1.39  1.41  1.41  1.41  1.39  1.37  -0.02 
九州  1.18  1.18  1.19  1.20  1.22  1.24  1.24  1.26  1.27  1.28  1.29  1.30  1.31  0.01 

　　(注)  1. 季節調整法は、センサス局法Ⅱ(X-12-ARIMA)による。なお、令和4年12月以前の数値は、令和5年1月分公表時に新季節指数により改定されている。
      2. 各ブロックの構成は、以下のとおり。           北海道（北海道）、東北（青森県、岩手県、宮城県、秋田県、山形県、福島県）、南関東（埼玉県、千葉県、東京都、神奈川県）、　　　　　 北関東・甲信（茨城県、栃木県、群馬県、山梨県、長野県）、北陸（新潟県、富山県、石川県、福井県）、           東海（岐阜県、静岡県、愛知県、三重県）、近畿（滋賀県、京都府、大阪府、兵庫県、奈良県、和歌山県）、           中国（鳥取県、島根県、岡山県、広島県、山口県）、四国（徳島県、香川県、愛媛県、高知県）、           九州（福岡県、佐賀県、長崎県、熊本県、大分県、宮崎県、鹿児島県、沖縄県）　　      3. ハローワークインターネットサービスの機能拡充に伴う令和3年9月以降の数値の取扱いについては、1頁の注4を参照。


